0 0.06096059113300493 0.8611111111111112 0.1145320197044335 0.1650326797385621
0 0.2777093596059113 0.8729575163398693 0.12931034482758622 0.16748366013071894
0 0.38700738916256155 0.9211601307189542 0.12376847290640394 0.1576797385620915
0 0.666871921182266 0.9415849673202614 0.13793103448275862 0.11683006535947713
0 0.3611453201970443 0.14910130718954248 0.12992610837438423 0.1576797385620915
0 0.03725369458128079 0.15604575163398693 0.07450738916256158 0.16339869281045752
0 0.6499384236453202 0.16993464052287582 0.16071428571428573 0.10784313725490197
0 0.8158866995073891 0.19076797385620914 0.11576354679802955 0.14297385620915032
0 0.6545566502463054 0.2847222222222222 0.12561576354679804 0.1511437908496732
0 0.2875615763546798 0.28717320261437906 0.12438423645320197 0.13970588235294118
0 0.7620073891625616 0.3088235294117647 0.1102216748768473 0.14215686274509803
0 0.059113300492610835 0.3145424836601307 0.09975369458128079 0.18137254901960784
0 0.4467364532019704 0.39052287581699346 0.11637931034482758 0.19117647058823528
0 0.2435344827586207 0.4305555555555556 0.12007389162561577 0.1568627450980392
0 0.6847290640394089 0.4309640522875817 0.12438423645320197 0.16258169934640523
0 0.8694581280788177 0.4693627450980392 0.13669950738916256 0.16094771241830066
0 0.5455665024630542 0.4848856209150327 0.1145320197044335 0.15604575163398693
0 0.43103448275862066 0.05024509803921569 0.11576354679802955 0.10049019607843138
0 0.5711206896551724 0.053513071895424834 0.125 0.10702614379084967
0 0.3226600985221675 0.5412581699346405 0.1206896551724138 0.14133986928104575
0 0.43657635467980294 0.5588235294117647 0.13054187192118227 0.16830065359477125
0 0.8950123152709359 0.6102941176470589 0.10775862068965517 0.13725490196078433
0 0.7620073891625616 0.6266339869281046 0.13485221674876846 0.17320261437908496
0 0.13639162561576354 0.6356209150326797 0.12746305418719212 0.17483660130718953
0 0.2743226600985222 0.6695261437908496 0.12869458128078817 0.16911764705882354
0 0.687192118226601 0.06985294117647059 0.12931034482758622 0.13970588235294118
0 0.037561576354679806 0.7058823529411765 0.07512315270935961 0.15196078431372548
0 0.39624384236453203 0.7156862745098039 0.10160098522167488 0.16830065359477125
0 0.5218596059113301 0.7271241830065359 0.13485221674876846 0.1781045751633987
0 0.8916256157635468 0.07393790849673203 0.1564039408866995 0.14787581699346405
0 0.8051108374384236 0.7516339869281046 0.12253694581280788 0.14215686274509803
0 0.6517857142857143 0.7892156862745098 0.13608374384236452 0.184640522875817