0 0.5381773399014779 0.8415032679738562 0.1268472906403941 0.17483660130718953
0 0.6323891625615764 0.08619281045751634 0.14039408866995073 0.17238562091503268
0 0.854064039408867 0.883578431372549 0.16502463054187191 0.16911764705882354
0 0.21582512315270935 0.9048202614379085 0.13485221674876846 0.190359477124183
0 0.3352832512315271 0.923202614379085 0.1311576354679803 0.15359477124183007
0 0.1102216748768473 0.9375 0.1268472906403941 0.125
0 0.09913793103448276 0.11029411764705882 0.16009852216748768 0.15196078431372548
0 0.8457512315270936 0.13276143790849673 0.12992610837438423 0.1854575163398693
0 0.21951970443349753 0.2312091503267974 0.12869458128078817 0.1715686274509804
0 0.3395935960591133 0.23202614379084968 0.08805418719211823 0.17973856209150327
0 0.6508620689655172 0.28431372549019607 0.14039408866995073 0.19117647058823528
0 0.5264778325123153 0.30106209150326796 0.12561576354679804 0.17238562091503268
0 0.7718596059113301 0.318218954248366 0.12992610837438423 0.17401960784313725
0 0.4516625615763547 0.4150326797385621 0.1545566502463054 0.17483660130718953
0 0.10160098522167488 0.4297385620915033 0.12438423645320197 0.1715686274509804
0 0.36976600985221675 0.5563725490196079 0.15086206896551724 0.16339869281045752
0 0.1419334975369458 0.5837418300653595 0.0917487684729064 0.17892156862745098
0 0.8589901477832512 0.5996732026143791 0.12807881773399016 0.16830065359477125
0 0.5566502463054187 0.6838235294117647 0.13916256157635468 0.17320261437908496
0 0.3411330049261084 0.7058823529411765 0.11206896551724138 0.1650326797385621
0 0.7733990147783252 0.7144607843137255 0.12931034482758622 0.16094771241830066
0 0.9411945812807881 0.744281045751634 0.11761083743842364 0.19281045751633988
0 0.07327586206896551 0.7495915032679739 0.14655172413793102 0.14950980392156862
0 0.5009236453201971 0.08006535947712418 0.14224137931034483 0.16013071895424835
0 0.4251847290640394 0.8108660130718954 0.13854679802955666 0.190359477124183
0 0.6557881773399015 0.8149509803921569 0.12561576354679804 0.16584967320261437