0 0.4205665024630542 0.8729575163398693 0.11822660098522167 0.12009803921568628
0 0.3125 0.9158496732026143 0.1188423645320197 0.14705882352941177
0 0.9488916256157636 0.9375 0.1022167487684729 0.125
0 0.7182881773399015 0.9415849673202614 0.12130541871921183 0.11683006535947713
0 0.05880541871921182 0.09558823529411764 0.11761083743842364 0.18627450980392157
0 0.5735837438423645 0.9566993464052288 0.12746305418719212 0.08660130718954248
0 0.8469827586206896 0.1213235294117647 0.145935960591133 0.15441176470588236
0 0.771243842364532 0.20874183006535948 0.1188423645320197 0.18382352941176472
0 0.6896551724137931 0.21691176470588236 0.10714285714285714 0.14624183006535948
0 0.19119458128078817 0.23447712418300654 0.15086206896551724 0.17320261437908496
0 0.44642857142857145 0.2647058823529412 0.0960591133004926 0.16013071895424835
0 0.9467364532019704 0.2834967320261438 0.10652709359605911 0.16176470588235295
0 0.6185344827586207 0.3047385620915033 0.1188423645320197 0.1715686274509804
0 0.5101600985221675 0.30718954248366015 0.11145320197044335 0.1388888888888889
0 0.29710591133004927 0.37826797385620914 0.125 0.16666666666666666
0 0.07758620689655173 0.43504901960784315 0.11083743842364532 0.1576797385620915
0 0.8269704433497537 0.4383169934640523 0.11083743842364532 0.1772875816993464
0 0.4538177339901478 0.4415849673202614 0.11576354679802955 0.1511437908496732
0 0.7139778325123153 0.5285947712418301 0.09544334975369458 0.1781045751633987
0 0.5769704433497537 0.5388071895424836 0.13054187192118227 0.1527777777777778
0 0.03725369458128079 0.5588235294117647 0.07450738916256158 0.14052287581699346
0 0.8996305418719212 0.5812908496732027 0.0812807881773399 0.190359477124183
0 0.3291256157635468 0.5939542483660131 0.1188423645320197 0.15359477124183007
0 0.5908251231527094 0.6348039215686274 0.14470443349753695 0.10620915032679738
0 0.6711822660098522 0.06372549019607843 0.11699507389162561 0.12745098039215685
0 0.6958128078817734 0.7389705882352942 0.12192118226600986 0.1576797385620915
0 0.395628078817734 0.7430555555555556 0.125 0.136437908496732
0 0.8220443349753694 0.7598039215686274 0.14285714285714285 0.13071895424836602
0 0.5972906403940886 0.7794117647058824 0.13177339901477833 0.12418300653594772
0 0.22444581280788178 0.7900326797385621 0.1188423645320197 0.14052287581699346