0 0.14224137931034483 0.9117647058823529 0.1330049261083744 0.17647058823529413
0 0.5557266009852216 0.9191176470588235 0.12869458128078817 0.16176470588235295
0 0.3857758620689655 0.9199346405228758 0.14224137931034483 0.16013071895424835
0 0.792179802955665 0.9211601307189542 0.13608374384236452 0.1576797385620915
0 0.9288793103448276 0.9211601307189542 0.14224137931034483 0.1576797385620915
0 0.5147783251231527 0.15236928104575165 0.1268472906403941 0.14787581699346405
0 0.9365763546798029 0.18341503267973855 0.10837438423645321 0.1772875816993464
0 0.6126847290640394 0.19240196078431374 0.12807881773399016 0.17892156862745098
0 0.2786330049261084 0.2238562091503268 0.10529556650246305 0.16666666666666666
0 0.7891009852216748 0.25326797385620914 0.13977832512315272 0.1781045751633987
0 0.3586822660098522 0.25735294117647056 0.14100985221674878 0.19117647058823528
0 0.04556650246305419 0.2647058823529412 0.09113300492610837 0.1895424836601307
0 0.4895320197044335 0.28717320261437906 0.13423645320197045 0.16094771241830066
0 0.1400862068965517 0.34681372549019607 0.12376847290640394 0.16584967320261437
0 0.9427339901477833 0.35866013071895425 0.1145320197044335 0.16013071895424835
0 0.6875 0.40727124183006536 0.1336206896551724 0.18382352941176472
0 0.30110837438423643 0.42892156862745096 0.1268472906403941 0.16993464052287582
0 0.5544950738916257 0.4812091503267974 0.09298029556650246 0.17483660130718953
0 0.9455049261083743 0.5388071895424836 0.10899014778325124 0.15931372549019607
0 0.7392241379310345 0.5453431372549019 0.09913793103448276 0.19362745098039216
0 0.43103448275862066 0.5735294117647058 0.1416256157635468 0.10784313725490197
0 0.18903940886699508 0.5837418300653595 0.13423645320197045 0.1772875816993464
0 0.520628078817734 0.6940359477124183 0.13238916256157635 0.18218954248366012
0 0.2330665024630542 0.7120098039215687 0.13608374384236452 0.16911764705882354
0 0.6554802955665024 0.7205882352941176 0.14100985221674878 0.13398692810457516
0 0.4214901477832512 0.7316176470588235 0.10283251231527094 0.16258169934640523
0 0.9276477832512315 0.7397875816993464 0.13608374384236452 0.17892156862745098
0 0.6991995073891626 0.07598039215686274 0.13485221674876846 0.15196078431372548
0 0.07173645320197045 0.7969771241830066 0.1434729064039409 0.19526143790849673