0 0.4535098522167488 0.9084967320261438 0.12992610837438423 0.1830065359477124
0 0.6693349753694581 0.9093137254901961 0.1330049261083744 0.15522875816993464
0 0.8272783251231527 0.9444444444444444 0.12623152709359606 0.1111111111111111
0 0.2041256157635468 0.9501633986928104 0.15578817733990147 0.09967320261437909
0 0.5606527093596059 0.12622549019607843 0.10283251231527094 0.14460784313725492
0 0.9559729064039408 0.1511437908496732 0.08805418719211823 0.16830065359477125
0 0.31650246305418717 0.18178104575163398 0.10960591133004927 0.15441176470588236
0 0.5024630541871922 0.2340686274509804 0.1416256157635468 0.15441176470588236
0 0.8208128078817734 0.28513071895424835 0.15763546798029557 0.1977124183006536
0 0.49045566502463056 0.38643790849673204 0.12253694581280788 0.15196078431372548
0 0.22752463054187191 0.3880718954248366 0.12623152709359606 0.16993464052287582
0 0.05449507389162562 0.39215686274509803 0.10899014778325124 0.22549019607843138
0 0.7072044334975369 0.40318627450980393 0.12007389162561577 0.1527777777777778
0 0.33374384236453203 0.4440359477124183 0.13423645320197045 0.16584967320261437
0 0.7770935960591133 0.5004084967320261 0.08251231527093596 0.16911764705882354
0 0.46921182266009853 0.5416666666666666 0.15886699507389163 0.184640522875817
0 0.20504926108374386 0.5714869281045751 0.1354679802955665 0.15931372549019607
0 0.7232142857142857 0.06209150326797386 0.12376847290640394 0.12418300653594772
0 0.6788793103448276 0.6658496732026143 0.12992610837438423 0.15522875816993464
0 0.45535714285714285 0.7005718954248366 0.10406403940886699 0.16258169934640523
0 0.28448275862068967 0.755718954248366 0.1687192118226601 0.19444444444444445
0 0.5526477832512315 0.7589869281045751 0.12869458128078817 0.1781045751633987
0 0.07481527093596059 0.7749183006535948 0.12992610837438423 0.18382352941176472
0 0.9353448275862069 0.7986111111111112 0.12561576354679804 0.16258169934640523