0 0.040948275862068964 0.8799019607843137 0.08189655172413793 0.21405228758169934
0 0.8285098522167488 0.9076797385620915 0.13854679802955666 0.184640522875817
0 0.3688423645320197 0.9321895424836601 0.12315270935960591 0.13562091503267973
0 0.48552955665024633 0.9362745098039216 0.14470443349753695 0.12745098039215685
0 0.16779556650246305 0.9485294117647058 0.14716748768472906 0.10294117647058823
0 0.6443965517241379 0.10457516339869281 0.10652709359605911 0.16666666666666666
0 0.7573891625615764 0.10620915032679738 0.1440886699507389 0.1830065359477124
0 0.36637931034482757 0.17565359477124182 0.1330049261083744 0.14215686274509803
0 0.5027709359605911 0.1895424836601307 0.14470443349753695 0.17973856209150327
0 0.6148399014778325 0.28145424836601307 0.10652709359605911 0.14950980392156862
0 0.16348522167487683 0.29983660130718953 0.12869458128078817 0.16830065359477125
0 0.8245073891625616 0.30637254901960786 0.15024630541871922 0.18137254901960784
0 0.06496305418719212 0.306781045751634 0.12992610837438423 0.17892156862745098
0 0.3485221674876847 0.3443627450980392 0.14655172413793102 0.1919934640522876
0 0.48799261083743845 0.35375816993464054 0.1373152709359606 0.16830065359477125
0 0.7115147783251231 0.38235294117647056 0.0917487684729064 0.13398692810457516
0 0.36976600985221675 0.4272875816993464 0.13977832512315272 0.1781045751633987
0 0.6022167487684729 0.4644607843137255 0.11945812807881774 0.18709150326797386
0 0.05449507389162562 0.4693627450980392 0.10899014778325124 0.15931372549019607
0 0.7767857142857143 0.4861111111111111 0.1434729064039409 0.15522875816993464
0 0.5270935960591133 0.5004084967320261 0.12192118226600986 0.1707516339869281
0 0.18041871921182265 0.6515522875816994 0.1477832512315271 0.1919934640522876
0 0.8799261083743842 0.6576797385620915 0.1330049261083744 0.16176470588235295
0 0.3786945812807882 0.6601307189542484 0.1625615763546798 0.20915032679738563
0 0.5511083743842364 0.6727941176470589 0.14532019704433496 0.17565359477124182
0 0.2684729064039409 0.7520424836601307 0.11206896551724138 0.17892156862745098