0 0.3888546798029557 0.09068627450980392 0.1373152709359606 0.18137254901960784
0 0.9485837438423645 0.9452614379084967 0.10283251231527094 0.10947712418300654
0 0.7546182266009852 0.951797385620915 0.12376847290640394 0.09640522875816994
0 0.687807881773399 0.1556372549019608 0.13054187192118227 0.16258169934640523
0 0.5689655172413793 0.17034313725490197 0.1145320197044335 0.14950980392156862
0 0.29310344827586204 0.22549019607843138 0.14655172413793102 0.19281045751633988
0 0.4291871921182266 0.24877450980392157 0.1354679802955665 0.17401960784313725
0 0.5471059113300493 0.32516339869281047 0.12623152709359606 0.1895424836601307
0 0.09636699507389163 0.4027777777777778 0.1311576354679803 0.1650326797385621
0 0.7580049261083743 0.4150326797385621 0.1330049261083744 0.19934640522875818
0 0.4039408866995074 0.4170751633986928 0.12192118226600986 0.16748366013071894
0 0.6573275862068966 0.4526143790849673 0.11391625615763547 0.16666666666666666
0 0.2961822660098522 0.5069444444444444 0.1354679802955665 0.1576797385620915
0 0.9485837438423645 0.5575980392156863 0.10283251231527094 0.16094771241830066
0 0.6921182266009852 0.576797385620915 0.11945812807881774 0.1437908496732026
0 0.46828817733990147 0.5804738562091504 0.12992610837438423 0.15441176470588236
0 0.15332512315270935 0.06699346405228758 0.11083743842364532 0.13398692810457516
0 0.9627463054187192 0.7111928104575164 0.07450738916256158 0.1772875816993464
0 0.10560344827586207 0.7116013071895425 0.12869458128078817 0.1715686274509804
0 0.3057266009852217 0.7365196078431373 0.16687192118226601 0.17892156862745098
0 0.8263546798029556 0.7602124183006536 0.09482758620689655 0.16094771241830066
0 0.4883004926108374 0.766748366013072 0.15024630541871922 0.1707516339869281
0 0.18719211822660098 0.8133169934640523 0.1440886699507389 0.18055555555555555