0 0.7333743842364532 0.9174836601307189 0.14532019704433496 0.1650326797385621
0 0.2777093596059113 0.9178921568627451 0.12315270935960591 0.14297385620915032
0 0.9633620689655172 0.9272875816993464 0.07327586206896551 0.1454248366013072
0 0.40948275862068967 0.954248366013072 0.14532019704433496 0.0915032679738562
0 0.5760467980295566 0.10457516339869281 0.10652709359605911 0.16013071895424835
0 0.6822660098522167 0.13112745098039216 0.14901477832512317 0.18709150326797386
0 0.41995073891625617 0.20833333333333334 0.13916256157635468 0.16830065359477125
0 0.1022167487684729 0.30923202614379086 0.12931034482758622 0.1707516339869281
0 0.2786330049261084 0.3459967320261438 0.1545566502463054 0.1854575163398693
0 0.41533251231527096 0.3770424836601307 0.125 0.16584967320261437
0 0.7721674876847291 0.38766339869281047 0.1564039408866995 0.18382352941176472
0 0.2983374384236453 0.44281045751633985 0.14224137931034483 0.17647058823529413
0 0.5197044334975369 0.4616013071895425 0.12931034482758622 0.1715686274509804
0 0.9485837438423645 0.5040849673202614 0.10283251231527094 0.15849673202614378
0 0.4664408866995074 0.5294117647058824 0.1434729064039409 0.16993464052287582
0 0.7096674876847291 0.5412581699346405 0.1373152709359606 0.15441176470588236
0 0.9455049261083743 0.6699346405228758 0.10899014778325124 0.17647058823529413
0 0.3192733990147783 0.6821895424836601 0.10652709359605911 0.22712418300653595
0 0.8134236453201971 0.6981209150326797 0.12315270935960591 0.1772875816993464
0 0.09667487684729065 0.7156862745098039 0.14039408866995073 0.18627450980392157
0 0.49014778325123154 0.7189542483660131 0.14901477832512317 0.17973856209150327
0 0.22136699507389163 0.07434640522875817 0.15825123152709358 0.14869281045751634
0 0.19766009852216748 0.7602124183006536 0.1354679802955665 0.1576797385620915