0 0.41625615763546797 0.8304738562091504 0.1416256157635468 0.1772875816993464
0 0.5243226600985221 0.8647875816993464 0.11637931034482758 0.1707516339869281
0 0.29679802955665024 0.9191176470588235 0.14901477832512317 0.16176470588235295
0 0.1730295566502463 0.9354575163398693 0.13054187192118227 0.12908496732026145
0 0.6499384236453202 0.9370915032679739 0.14100985221674878 0.12581699346405228
0 0.8977832512315271 0.16666666666666666 0.11699507389162561 0.17647058823529413
0 0.19488916256157635 0.17565359477124182 0.12253694581280788 0.15849673202614378
0 0.5797413793103449 0.18831699346405228 0.14839901477832512 0.1772875816993464
0 0.4020935960591133 0.19240196078431374 0.12807881773399016 0.14624183006535948
0 0.044642857142857144 0.3619281045751634 0.08928571428571429 0.18790849673202614
0 0.8395935960591133 0.3929738562091503 0.145935960591133 0.18137254901960784
0 0.5714285714285714 0.04779411764705882 0.12438423645320197 0.09558823529411764
0 0.5178571428571429 0.48570261437908496 0.14285714285714285 0.1707516339869281
0 0.7949507389162561 0.049019607843137254 0.14039408866995073 0.09803921568627451
0 0.7598522167487685 0.505718954248366 0.09236453201970443 0.16176470588235295
0 0.05018472906403941 0.5147058823529411 0.10036945812807882 0.17647058823529413
0 0.19519704433497537 0.5269607843137255 0.1354679802955665 0.17483660130718953
0 0.8657635467980296 0.6037581699346405 0.13669950738916256 0.18137254901960784
0 0.28633004926108374 0.7749183006535948 0.14285714285714285 0.1707516339869281
0 0.6705665024630542 0.7879901960784313 0.14285714285714285 0.18382352941176472
0 0.8285098522167488 0.8022875816993464 0.13608374384236452 0.1830065359477124