0 0.8041871921182266 0.8627450980392157 0.12931034482758622 0.16666666666666666
0 0.29679802955665024 0.8974673202614379 0.13423645320197045 0.1576797385620915
0 0.40948275862068967 0.8986928104575164 0.1330049261083744 0.16013071895424835
0 0.07112068965517242 0.9125816993464052 0.11761083743842364 0.17483660130718953
0 0.5729679802955665 0.9305555555555556 0.10775862068965517 0.1388888888888889
0 0.47198275862068967 0.0988562091503268 0.13977832512315272 0.15522875816993464
0 0.6265394088669951 0.10130718954248366 0.1336206896551724 0.17647058823529413
0 0.8469827586206896 0.14052287581699346 0.12623152709359606 0.12745098039215685
0 0.07173645320197045 0.2034313725490196 0.1434729064039409 0.15196078431372548
0 0.37807881773399016 0.2275326797385621 0.13423645320197045 0.18055555555555555
0 0.6120073891625616 0.2700980392156863 0.1311576354679803 0.1650326797385621
0 0.6779556650246306 0.3112745098039216 0.10837438423645321 0.1388888888888889
0 0.7989532019704434 0.3125 0.10652709359605911 0.1642156862745098
0 0.2743226600985222 0.31495098039215685 0.1336206896551724 0.17565359477124182
0 0.9125615763546798 0.32516339869281047 0.12438423645320197 0.1895424836601307
0 0.4664408866995074 0.3263888888888889 0.12130541871921183 0.16584967320261437
0 0.14624384236453203 0.3598856209150327 0.13238916256157635 0.16094771241830066
0 0.05080049261083744 0.40522875816993464 0.10160098522167488 0.19934640522875818
0 0.8211206896551724 0.47671568627450983 0.12376847290640394 0.16258169934640523
0 0.6998152709359606 0.47794117647058826 0.125 0.1781045751633987
0 0.9411945812807881 0.49468954248366015 0.11761083743842364 0.15604575163398693
0 0.5406403940886699 0.5841503267973857 0.1145320197044335 0.15522875816993464
0 0.2062807881773399 0.5849673202614379 0.10098522167487685 0.17973856209150327
0 0.6554802955665024 0.6029411764705882 0.12746305418719212 0.16993464052287582
0 0.958435960591133 0.630718954248366 0.08312807881773399 0.17320261437908496
0 0.1961206896551724 0.06781045751633986 0.16564039408866996 0.13562091503267973
0 0.7450738916256158 0.7279411764705882 0.11206896551724138 0.1388888888888889
0 0.625307881773399 0.7802287581699346 0.12623152709359606 0.15522875816993464
0 0.46736453201970446 0.7883986928104575 0.0960591133004926 0.1715686274509804