0 0.9122536945812808 0.8566176470588235 0.1434729064039409 0.1642156862745098
0 0.32573891625615764 0.8901143790849673 0.14039408866995073 0.14950980392156862
0 0.7817118226600985 0.8921568627450981 0.1336206896551724 0.16339869281045752
0 0.8245073891625616 0.13071895424836602 0.13793103448275862 0.17320261437908496
0 0.1539408866995074 0.14460784313725492 0.1440886699507389 0.1715686274509804
0 0.5012315270935961 0.21160130718954248 0.13177339901477833 0.15196078431372548
0 0.27124384236453203 0.21691176470588236 0.10775862068965517 0.16258169934640523
0 0.3713054187192118 0.2757352941176471 0.1206896551724138 0.1854575163398693
0 0.06927339901477833 0.3304738562091503 0.13854679802955666 0.14297385620915032
0 0.9307266009852216 0.4252450980392157 0.13854679802955666 0.17401960784313725
0 0.7558497536945813 0.45179738562091504 0.12130541871921183 0.15522875816993464
0 0.6117610837438424 0.5102124183006536 0.145935960591133 0.1772875816993464
0 0.23368226600985223 0.5130718954248366 0.1853448275862069 0.18627450980392157
0 0.8731527093596059 0.5804738562091504 0.12931034482758622 0.18055555555555555
0 0.3897783251231527 0.5996732026143791 0.11083743842364532 0.1895424836601307
0 0.39501231527093594 0.06535947712418301 0.13854679802955666 0.13071895424836602
0 0.7826354679802956 0.7140522875816994 0.12561576354679804 0.16339869281045752
0 0.9033251231527094 0.7185457516339869 0.13054187192118227 0.14950980392156862
0 0.6305418719211823 0.0727124183006536 0.13177339901477833 0.1454248366013072
0 0.6262315270935961 0.7638888888888888 0.14039408866995073 0.15522875816993464
0 0.2801724137931034 0.7663398692810458 0.14039408866995073 0.1568627450980392