0 0.31773399014778325 0.8852124183006536 0.13177339901477833 0.15931372549019607
0 0.5440270935960592 0.9170751633986928 0.1311576354679803 0.1576797385620915
0 0.43472906403940886 0.9305555555555556 0.10467980295566502 0.1388888888888889
0 0.5732758620689655 0.16299019607843138 0.14039408866995073 0.18872549019607843
0 0.2583128078817734 0.16748366013071894 0.12253694581280788 0.16830065359477125
0 0.1311576354679803 0.16789215686274508 0.12807881773399016 0.18218954248366012
0 0.9319581280788177 0.24673202614379086 0.11637931034482758 0.1568627450980392
0 0.37807881773399016 0.3104575163398693 0.10467980295566502 0.12091503267973856
0 0.479064039408867 0.3394607843137255 0.09482758620689655 0.1642156862745098
0 0.8214285714285714 0.35049019607843135 0.1440886699507389 0.1715686274509804
0 0.08097290640394089 0.377859477124183 0.13854679802955666 0.1642156862745098
0 0.6074507389162561 0.44199346405228757 0.12746305418719212 0.16176470588235295
0 0.13023399014778325 0.5077614379084967 0.12253694581280788 0.14460784313725492
0 0.6887315270935961 0.056372549019607844 0.12869458128078817 0.11274509803921569
0 0.834051724137931 0.5910947712418301 0.13485221674876846 0.14624183006535948
0 0.3460591133004926 0.6074346405228758 0.16379310344827586 0.1919934640522876
0 0.05511083743842365 0.6098856209150327 0.08805418719211823 0.16911764705882354
0 0.48214285714285715 0.0661764705882353 0.11576354679802955 0.1323529411764706
0 0.5101600985221675 0.738562091503268 0.1434729064039409 0.16013071895424835
0 0.895320197044335 0.7659313725490197 0.12438423645320197 0.14624183006535948
0 0.17580049261083744 0.7806372549019608 0.14100985221674878 0.15931372549019607
0 0.7358374384236454 0.8088235294117647 0.14532019704433496 0.1830065359477124