0 0.14039408866995073 0.8447712418300654 0.1145320197044335 0.16993464052287582
0 0.8826970443349754 0.858251633986928 0.11391625615763547 0.16094771241830066
0 0.2669334975369458 0.8958333333333334 0.15701970443349753 0.17401960784313725
0 0.41625615763546797 0.9256535947712419 0.1440886699507389 0.14869281045751634
0 0.5597290640394089 0.928921568627451 0.15024630541871922 0.14215686274509803
0 0.8125 0.9452614379084967 0.14100985221674878 0.10947712418300654
0 0.7817118226600985 0.10661764705882353 0.12869458128078817 0.16094771241830066
0 0.1499384236453202 0.12745098039215685 0.13238916256157635 0.11437908496732026
0 0.9541256157635468 0.16666666666666666 0.0917487684729064 0.16339869281045752
0 0.6477832512315271 0.17279411764705882 0.13916256157635468 0.16911764705882354
0 0.6487068965517241 0.3349673202614379 0.12130541871921183 0.16339869281045752
0 0.8882389162561576 0.3533496732026144 0.10283251231527094 0.16094771241830066
0 0.2977216748768473 0.3598856209150327 0.11637931034482758 0.1772875816993464
0 0.5464901477832512 0.3946078431372549 0.12869458128078817 0.16830065359477125
0 0.1690270935960591 0.4791666666666667 0.15578817733990147 0.1968954248366013
0 0.35467980295566504 0.4795751633986928 0.13177339901477833 0.1650326797385621
0 0.7041256157635468 0.5714869281045751 0.12869458128078817 0.17238562091503268
0 0.06804187192118226 0.5906862745098039 0.13608374384236452 0.16830065359477125
0 0.44273399014778325 0.059640522875817 0.09113300492610837 0.119281045751634
0 0.48183497536945813 0.7148692810457516 0.13485221674876846 0.19607843137254902
0 0.0668103448275862 0.744281045751634 0.1336206896551724 0.15522875816993464
0 0.6794950738916257 0.8112745098039216 0.10529556650246305 0.15522875816993464