0 0.10406403940886699 0.8276143790849673 0.1564039408866995 0.1830065359477124
0 0.26816502463054187 0.877859477124183 0.15701970443349753 0.19362745098039216
0 0.7700123152709359 0.8905228758169934 0.13854679802955666 0.19444444444444445
0 0.15886699507389163 0.926062091503268 0.1748768472906404 0.14787581699346405
0 0.3796182266009852 0.9293300653594772 0.1545566502463054 0.14133986928104575
0 0.9008620689655172 0.15727124183006536 0.15024630541871922 0.2034313725490196
0 0.2570812807881773 0.1621732026143791 0.16071428571428573 0.21650326797385622
0 0.5729679802955665 0.2520424836601307 0.15086206896551724 0.18872549019607843
0 0.056958128078817734 0.25939542483660133 0.11391625615763547 0.1184640522875817
0 0.20782019704433496 0.3799019607843137 0.16071428571428573 0.20261437908496732
0 0.8134236453201971 0.5183823529411765 0.15763546798029557 0.2099673202614379
0 0.1853448275862069 0.5555555555555556 0.1539408866995074 0.19444444444444445
0 0.4282635467980296 0.5649509803921569 0.14470443349753695 0.2181372549019608
0 0.6579433497536946 0.5706699346405228 0.1730295566502463 0.21650326797385622
0 0.07419950738916256 0.6127450980392157 0.14839901477832512 0.2107843137254902
0 0.5144704433497537 0.06862745098039216 0.12376847290640394 0.13725490196078433
0 0.32789408866995073 0.7071078431372549 0.12869458128078817 0.17892156862745098
0 0.22229064039408866 0.7226307189542484 0.1416256157635468 0.19362745098039216
0 0.9070197044334976 0.7291666666666666 0.1416256157635468 0.17401960784313725
0 0.6995073891625616 0.7520424836601307 0.1477832512315271 0.18709150326797386
0 0.5501847290640394 0.7569444444444444 0.14224137931034483 0.18055555555555555