0 0.4870689655172414 0.8848039215686274 0.1539408866995074 0.1830065359477124
0 0.8922413793103449 0.9211601307189542 0.1206896551724138 0.1576797385620915
0 0.7884852216748769 0.9415849673202614 0.15332512315270935 0.11683006535947713
0 0.25985221674876846 0.946078431372549 0.13916256157635468 0.10784313725490197
0 0.9344211822660099 0.22589869281045752 0.1311576354679803 0.14133986928104575
0 0.8063423645320197 0.22630718954248366 0.145935960591133 0.1895424836601307
0 0.07543103448275862 0.22794117647058823 0.15086206896551724 0.20098039215686275
0 0.5378694581280788 0.24101307189542484 0.14470443349753695 0.18627450980392157
0 0.6844211822660099 0.24468954248366012 0.1520935960591133 0.20669934640522875
0 0.28633004926108374 0.2577614379084967 0.14039408866995073 0.16911764705882354
0 0.8466748768472906 0.35294117647058826 0.12807881773399016 0.18137254901960784
0 0.42179802955665024 0.39950980392156865 0.15886699507389163 0.1977124183006536
0 0.06958128078817734 0.4011437908496732 0.13916256157635468 0.184640522875817
0 0.22660098522167488 0.42606209150326796 0.12931034482758622 0.1854575163398693
0 0.33158866995073893 0.4758986928104575 0.13608374384236452 0.190359477124183
0 0.7733990147783252 0.5220588235294118 0.1416256157635468 0.17320261437908496
0 0.6000615763546798 0.5686274509803921 0.1434729064039409 0.1715686274509804
0 0.4331896551724138 0.5898692810457516 0.16317733990147784 0.19444444444444445
0 0.9245689655172413 0.6147875816993464 0.14224137931034483 0.190359477124183
0 0.5113916256157636 0.7189542483660131 0.15086206896551724 0.17483660130718953
0 0.7389162561576355 0.7512254901960784 0.13177339901477833 0.16584967320261437
0 0.6915024630541872 0.07761437908496732 0.1477832512315271 0.15522875816993464
0 0.8266625615763546 0.7916666666666666 0.12869458128078817 0.17320261437908496