0 0.6333128078817734 0.826797385620915 0.14839901477832512 0.18137254901960784
0 0.05480295566502463 0.8288398692810458 0.10960591133004927 0.22303921568627452
0 0.8081896551724138 0.8790849673202614 0.15578817733990147 0.20098039215686275
0 0.39532019704433496 0.9031862745098039 0.13423645320197045 0.15931372549019607
0 0.06496305418719212 0.9219771241830066 0.12992610837438423 0.1511437908496732
0 0.2894088669950739 0.9321895424836601 0.10467980295566502 0.13562091503267973
0 0.46705665024630544 0.10825163398692811 0.15701970443349753 0.190359477124183
0 0.6216133004926109 0.11805555555555555 0.14963054187192118 0.18218954248366012
0 0.8402093596059114 0.14787581699346405 0.13238916256157635 0.10620915032679738
0 0.08035714285714286 0.23366013071895425 0.13238916256157635 0.1715686274509804
0 0.3688423645320197 0.2512254901960784 0.14901477832512317 0.2034313725490196
0 0.6071428571428571 0.2806372549019608 0.12931034482758622 0.15931372549019607
0 0.688115763546798 0.3243464052287582 0.11391625615763547 0.15196078431372548
0 0.9294950738916257 0.335375816993464 0.10899014778325124 0.1707516339869281
0 0.7940270935960592 0.33578431372549017 0.11514778325123153 0.17973856209150327
0 0.2764778325123153 0.34272875816993464 0.14285714285714285 0.20179738562091504
0 0.47167487684729065 0.34477124183006536 0.13916256157635468 0.1650326797385621
0 0.14901477832512317 0.3741830065359477 0.13177339901477833 0.1568627450980392
0 0.8189655172413793 0.5 0.13177339901477833 0.1781045751633987
0 0.938115763546798 0.5036764705882353 0.12376847290640394 0.1772875816993464
0 0.7004310344827587 0.505718954248366 0.13485221674876846 0.17647058823529413
0 0.5471059113300493 0.5955882352941176 0.10775862068965517 0.15522875816993464
0 0.20935960591133004 0.6066176470588235 0.09482758620689655 0.17565359477124182
0 0.9550492610837439 0.6523692810457516 0.08990147783251232 0.18055555555555555
0 0.10067733990147783 0.6699346405228758 0.145935960591133 0.15359477124183007
0 0.7416871921182266 0.7463235294117647 0.1434729064039409 0.17565359477124182
0 0.21520935960591134 0.07598039215686274 0.13977832512315272 0.15196078431372548
0 0.4747536945812808 0.8018790849673203 0.09359605911330049 0.16584967320261437