0 0.9153325123152709 0.8169934640522876 0.13608374384236452 0.19117647058823528
0 0.2250615763546798 0.14011437908496732 0.16194581280788178 0.20669934640522875
0 0.7589285714285714 0.14869281045751634 0.1311576354679803 0.18137254901960784
0 0.6182266009852216 0.19362745098039216 0.1268472906403941 0.17320261437908496
0 0.4836822660098522 0.20506535947712418 0.14100985221674878 0.184640522875817
0 0.13885467980295566 0.315359477124183 0.1644088669950739 0.1830065359477124
0 0.7724753694581281 0.39705882352941174 0.14839901477832512 0.16339869281045752
0 0.4328817733990148 0.41830065359477125 0.12931034482758622 0.18627450980392157
0 0.6105295566502463 0.440359477124183 0.12992610837438423 0.1895424836601307
0 0.3168103448275862 0.5661764705882353 0.13977832512315272 0.19607843137254902
0 0.8408251231527094 0.6037581699346405 0.1336206896551724 0.20751633986928106
0 0.20535714285714285 0.6062091503267973 0.1336206896551724 0.18627450980392157
0 0.7062807881773399 0.6405228758169934 0.11576354679802955 0.1650326797385621
0 0.8629926108374384 0.06535947712418301 0.14224137931034483 0.13071895424836602
0 0.4088669950738916 0.6854575163398693 0.12438423645320197 0.17320261437908496
0 0.11761083743842364 0.6870915032679739 0.1354679802955665 0.18137254901960784
0 0.770628078817734 0.7777777777777778 0.12746305418719212 0.18137254901960784
0 0.6185344827586207 0.7879901960784313 0.1434729064039409 0.1772875816993464