0 0.9097906403940886 0.826797385620915 0.1373152709359606 0.18137254901960784
0 0.6323891625615764 0.8402777777777778 0.14039408866995073 0.18055555555555555
0 0.4747536945812808 0.8643790849673203 0.10591133004926108 0.16339869281045752
0 0.13485221674876846 0.8709150326797386 0.10591133004926108 0.16993464052287582
0 0.22321428571428573 0.12459150326797386 0.1705665024630542 0.20179738562091504
0 0.750307881773399 0.14297385620915032 0.13608374384236452 0.19117647058823528
0 0.6228448275862069 0.16176470588235295 0.13977832512315272 0.17483660130718953
0 0.48183497536945813 0.2034313725490196 0.1520935960591133 0.16830065359477125
0 0.13269704433497537 0.32965686274509803 0.17179802955665024 0.2099673202614379
0 0.7829433497536946 0.3937908496732026 0.12869458128078817 0.13071895424836602
0 0.9338054187192119 0.40032679738562094 0.13238916256157635 0.19281045751633988
0 0.4501231527093596 0.40808823529411764 0.15024630541871922 0.20179738562091504
0 0.6108374384236454 0.4693627450980392 0.14655172413793102 0.1772875816993464
0 0.8780788177339901 0.049836601307189546 0.13423645320197045 0.09967320261437909
0 0.33035714285714285 0.571078431372549 0.1336206896551724 0.17647058823529413
0 0.3669950738916256 0.05800653594771242 0.12438423645320197 0.10294117647058823
0 0.6006773399014779 0.5808823529411765 0.125 0.12908496732026145
0 0.5046182266009852 0.6041666666666666 0.125 0.16911764705882354
0 0.8429802955665024 0.6066176470588235 0.1330049261083744 0.23284313725490197
0 0.208435960591133 0.6172385620915033 0.13485221674876846 0.2246732026143791
0 0.7108990147783252 0.6270424836601307 0.1188423645320197 0.18218954248366012
0 0.41348522167487683 0.701797385620915 0.13977832512315272 0.16013071895424835
0 0.1062192118226601 0.7181372549019608 0.1520935960591133 0.17483660130718953
0 0.7678571428571429 0.8100490196078431 0.13054187192118227 0.16911764705882354