0 0.5899014778325123 0.8570261437908496 0.16379310344827586 0.28594771241830064
0 0.32573891625615764 0.8611111111111112 0.1268472906403941 0.18137254901960784
0 0.20474137931034483 0.872140522875817 0.11268472906403941 0.17238562091503268
0 0.44150246305418717 0.8913398692810458 0.14039408866995073 0.19607843137254902
0 0.06311576354679803 0.136437908496732 0.10036945812807882 0.18790849673202614
0 0.36299261083743845 0.15931372549019607 0.12130541871921183 0.18627450980392157
0 0.2518472906403941 0.17933006535947713 0.1268472906403941 0.17401960784313725
0 0.6875 0.19607843137254902 0.1705665024630542 0.19444444444444445
0 0.4753694581280788 0.2201797385620915 0.14039408866995073 0.16911764705882354
0 0.9285714285714286 0.2777777777777778 0.12931034482758622 0.1830065359477124
0 0.17179802955665024 0.335375816993464 0.12561576354679804 0.13480392156862744
0 0.44273399014778325 0.3374183006535948 0.11083743842364532 0.14215686274509803
0 0.604679802955665 0.38766339869281047 0.17118226600985223 0.18218954248366012
0 0.08035714285714286 0.4215686274509804 0.125 0.12091503267973856
0 0.45289408866995073 0.44689542483660133 0.13854679802955666 0.10294117647058823
0 0.9122536945812808 0.5012254901960784 0.14224137931034483 0.18872549019607843
0 0.2419950738916256 0.5200163398692811 0.13177339901477833 0.1642156862745098
0 0.48799261083743845 0.559640522875817 0.14224137931034483 0.18627450980392157
0 0.05726600985221675 0.5752450980392158 0.1145320197044335 0.190359477124183
0 0.5757389162561576 0.059640522875817 0.12807881773399016 0.119281045751634
0 0.3355911330049261 0.6013071895424836 0.12561576354679804 0.15522875816993464
0 0.8134236453201971 0.6813725490196079 0.1330049261083744 0.184640522875817
0 0.13392857142857142 0.681781045751634 0.12869458128078817 0.1707516339869281
0 0.6847290640394089 0.6928104575163399 0.12192118226600986 0.21895424836601307
0 0.9565886699507389 0.7075163398692811 0.08682266009852217 0.184640522875817
0 0.2395320197044335 0.7165032679738562 0.14285714285714285 0.17320261437908496
0 0.8728448275862069 0.8108660130718954 0.1373152709359606 0.1707516339869281
0 0.06157635467980296 0.8161764705882353 0.12315270935960591 0.17647058823529413