0 0.06403940886699508 0.8321078431372549 0.12807881773399016 0.20016339869281047
0 0.2774014778325123 0.8549836601307189 0.12253694581280788 0.1772875816993464
0 0.17580049261083744 0.8570261437908496 0.11761083743842364 0.1437908496732026
0 0.3842364532019704 0.9138071895424836 0.15024630541871922 0.17238562091503268
0 0.6641009852216748 0.9395424836601307 0.16071428571428573 0.12091503267973856
0 0.09421182266009852 0.9497549019607843 0.1477832512315271 0.10049019607843138
0 0.3694581280788177 0.14665032679738563 0.15270935960591134 0.190359477124183
0 0.0458743842364532 0.16380718954248366 0.0917487684729064 0.16094771241830066
0 0.6370073891625616 0.16666666666666666 0.12746305418719212 0.13071895424836602
0 0.8223522167487685 0.18995098039215685 0.10899014778325124 0.12826797385620914
0 0.6527093596059114 0.2741013071895425 0.09236453201970443 0.14297385620915032
0 0.2666256157635468 0.28104575163398693 0.1440886699507389 0.16830065359477125
0 0.7604679802955665 0.3006535947712418 0.12561576354679804 0.16339869281045752
0 0.06157635467980296 0.31781045751633985 0.08497536945812807 0.1715686274509804
0 0.4387315270935961 0.36233660130718953 0.14100985221674878 0.17565359477124182
0 0.6733374384236454 0.40727124183006536 0.11761083743842364 0.15604575163398693
0 0.24476600985221675 0.4272875816993464 0.1311576354679803 0.16339869281045752
0 0.5397167487684729 0.4701797385620915 0.12130541871921183 0.16258169934640523
0 0.5612684729064039 0.05310457516339869 0.11637931034482758 0.10620915032679738
0 0.3180418719211823 0.5339052287581699 0.11761083743842364 0.14624183006535948
0 0.4331896551724138 0.5404411764705882 0.12992610837438423 0.16911764705882354
0 0.9762931034482759 0.5535130718954249 0.04741379310344827 0.19526143790849673
0 0.8913177339901478 0.5637254901960784 0.10406403940886699 0.1568627450980392
0 0.10929802955665024 0.6217320261437909 0.1434729064039409 0.19607843137254902
0 0.7814039408866995 0.6311274509803921 0.13793103448275862 0.14787581699346405
0 0.688115763546798 0.0661764705882353 0.13485221674876846 0.1323529411764706
0 0.25092364532019706 0.6662581699346405 0.12253694581280788 0.17892156862745098
0 0.5184729064039408 0.7005718954248366 0.13423645320197045 0.16584967320261437
0 0.8916256157635468 0.07026143790849673 0.17118226600985223 0.14052287581699346
0 0.40116995073891626 0.7058823529411765 0.08928571428571429 0.17320261437908496
0 0.8063423645320197 0.7626633986928104 0.11514778325123153 0.12826797385620914
0 0.6674876847290641 0.7896241830065359 0.17118226600985223 0.17401960784313725